ABMF  2919786.448 -5383745.178  1774604.734   16.154429584  -61.313911167   -25.112  0.0000     N
 AGDE  4640976.542   281124.423  4351569.571   43.174696586    3.275912112    65.787  0.0000     B
 AGDS  4639701.988   281689.035  4352886.605   43.184553712    3.282754951    68.164  0.0000     B
 AGEN  4581960.504    48907.233  4421939.604   44.102104971    0.364155932   113.745  0.0000     B
 AICI  4645961.623   -82264.492  4354613.325   43.200081880   -1.005188047   121.413  0.0000     B
 AIGL  4578300.251   286538.593  4418911.516   44.071702142    3.345252248  1618.764  0.0000     B
 AILT  4278646.384   250892.595  4707853.382   47.523722951    3.212118556   186.797  0.0000     B
 AJAC  4696989.704   723994.209  4239678.314   41.553883632    8.454539953    98.791  0.0000     B
 ALBI  4597504.062   171539.238  4402971.017   43.560302628    2.081245699   206.966  0.0000     B
 ALPE  4486705.956   478180.431  4495489.402   45.051180024    6.050044919  1892.196  0.0000     B
 ALU2  4345780.725   275454.834  4645176.501   47.023079255    3.373651064   324.050  0.0000     B
 AMB2  4465758.980   292711.497  4530070.172   45.322609207    3.450046861   617.612  0.0000     B
 AMIY  4273858.012   203654.503  4714385.292   47.575410261    2.434133840   150.450  0.0000     B
 AMNS  4116794.617   160911.763  4852750.001   49.513178711    2.141810097    90.063  0.0000     B
 ANAY  4483965.181   367205.907  4506507.727   45.142518294    4.405405890   440.908  0.0720     B
 ANDE  4194381.816   363592.638  4775429.442   48.472684952    4.571560960   221.080  0.0000     B
 ANGE  4319045.059   -41299.214  4677465.140   47.281886102   -0.325226809   106.082  0.0000     B
 ANGL  4404491.772  -108111.129  4596491.055   46.242011893   -1.242188805    56.694  0.0720     B
 ARAN  4441254.306   421756.856  4543411.424   45.425485274    5.252905456   289.164  0.0000     B
 ARDN  4291843.252   140308.464  4700485.678   47.464175491    1.522078545   191.334  0.0000     B
 ARNA  4280178.627    13513.521  4712967.054   47.564746595    0.105122388    96.765  0.0000     B
 ARUF  4664624.069   -35100.749  4335912.462   43.055836225   -0.255208918   482.010  0.0000     B
 ATHI  4135092.737   265558.949  4832733.723   49.344838754    3.402832419   125.201  0.0000     B
 ATST  4672299.826   768137.209  4259972.660   42.100578694    9.200977379   740.436  0.0000     B
 AUBU  4224987.114   533493.068  4733835.176   48.130064989    7.114813420  1151.809  0.0000     B
 AUCH  4622373.428    46848.799  4380155.604   43.385820465    0.345046883   232.046  0.0000     A
 AUNI  4429452.013   -73344.605  4573321.733   46.061411556   -0.565510153    80.060  0.0000     B
 AUTN  4349466.207   326196.025  4638521.758   46.571381574    4.172029458   353.603  0.0000     A
 AVAL  4307494.024   294812.551  4679277.612   47.293841332    3.545514904   312.380  0.0000     B
 AVRA  4217979.518  -100361.377  4767378.258   48.405445061   -1.214687891   145.695  0.0000     B
 AXPV  4614667.154   430786.234  4367411.307   43.292836132    5.195949265   229.378  0.0000     B
 BACT  4535591.660   528760.906  4439820.141   44.231563207    6.385836690  1205.162  0.0000     A
 BAL2  4244575.168   561846.784  4711930.528   47.555135459    7.322509611   264.483  0.0000     B
 BANN  4555128.109   331016.066  4437759.758   44.220911617    4.092273158   357.620  0.0000     B
 BARD  4493873.245     -790.169  4511160.728   45.180866897   -0.003626806   155.696  0.0000     B
 BARY  4669389.511    54761.723  4330833.854   43.020852113    0.401892400   633.518  0.0000     A
 BAS2  4688442.312   746674.344  4246295.223   42.000519767    9.025585432   855.134  0.0000     B
 BAUG  4313949.388    -6626.887  4682318.924   47.321127594   -0.051685409   112.649  0.0000     N
 BEAU  4153594.520   150985.672  4821870.854   49.254680016    2.045455056   128.886  0.0000     A
 BEAV  4152163.008   152444.121  4823073.882   49.264598981    2.060948613   147.200  0.0000     B
 BGBC  4222865.475  -332088.341  4752591.025   48.285162070   -4.294745714   124.501  0.0000     N
 BIAZ  4634456.442  -124345.523  4365785.066   43.281905838   -1.321289337   121.418  0.0000     A
 BLFT  4275997.638   514310.681  4689252.360   47.373331225    6.513061642   416.490  0.0000     B
 BLG2  4404019.492   429807.465  4578882.945   46.101837681    5.342673323   544.718  0.0000     B
 BLVR  4302995.834   498731.732  4666742.004   47.192452145    6.364059013   714.533  0.0000     B
 BMHG  4134869.710  -132082.779  4838513.617   49.393311405   -1.494660849   231.243  0.0720     B
 BMNT  4604376.674    78544.178  4398400.247   43.523874234    0.583824571   166.603  0.0000     B
 BOGU  4151675.343    80688.551  4825309.543   49.283454736    1.064828868   220.575  0.0720     N
 BOUG  4342504.819  -124404.104  4654386.794   47.095612102   -1.382745965   118.094  0.0000     B
 BOUS  4412263.964   172259.239  4587828.249   46.171667414    2.140869863   558.489  0.0000     B
 BOVE  4153483.190   153694.276  4821891.655   49.254753256    2.070908167   136.896  0.0000     B
 BPAN  3362326.257  4918502.783 -2269570.022  -20.585454717   55.383547938   151.919  0.0000     N
 BRDO  4625075.950   771885.580  4309203.781   42.462861861    9.282946785    69.492  0.0000     B
 BRE2  4370725.943   -36125.500  4629768.245   46.502274931   -0.282480824   245.099  0.0000     B
 BRET  4221686.534   170665.627  4762123.818   48.363719990    2.185390979   140.271  0.0000     B
 BRMF  4443792.826   383966.839  4544229.070   45.433385764    4.561819784   256.853  0.0000     B
 BRMH  4177764.193   565435.094  4770362.223   48.431891497    7.422808306   197.254  0.0000     N
 BRMZ  4275555.285    35633.397  4717101.778   48.000522171    0.283901544   158.153  0.0000     N
 BRST  4231162.788  -332746.920  4745130.689   48.224976645   -4.294775142    65.806  2.0431     A
 BSCN  4314139.504   452626.027  4660703.804   47.144876240    5.592177530   359.536  0.0000     B
 BUAN  4217191.623   395195.877  4753188.720   48.291014139    5.211292960   416.292  0.0000     B
 BVOI  4073307.644   159230.523  4889249.008   50.221004817    2.141903739   189.317  0.0000     B
 BVSM  4158791.432   391057.934  4804182.260   49.110303587    5.221855274   278.286  0.0000     B
 CACI  4343219.691   298591.337  4646526.509   47.032499448    3.555818945   610.198  0.0000     B
 CAEN  4177020.583   -33326.830  4803950.209   49.105771816   -0.272567211   113.555  0.0000     A
 CAMA  4613655.784   512014.116  4359734.225   43.234623888    6.195756083   213.560  0.0000     B
 CAMP  4697281.031   726402.487  4238891.618   41.550567281    8.472676268    60.809  0.0000     B
 CAPT  4572697.356   -20484.767  4431741.245   44.174278502   -0.152401878   160.092  0.0000     B
 CARQ  4331877.337  -114119.182  4664433.737   47.175627918   -1.303259331    88.093  0.0000     B
 CAUD  4090103.155   243087.826  4871835.142   50.072959298    3.240456918   167.586  0.0000     N
 CAUS  4579782.717   129128.039  4422738.887   44.105359125    1.365414383   226.980  0.0000     B
 CBRY  4448144.150   460394.051  4533028.356   45.345261006    5.543317456   324.692  0.0000     A
 CDJ2  4538704.565   -41976.996  4466031.847   44.434362951   -0.314762143    65.137  0.0000     B
 CERN  4393400.824   466460.630  4585421.582   46.152502421    6.033801950   525.942  0.0000     B
 CEVY  4150657.250   384104.120  4811678.768   49.171586556    5.171364973   246.229  0.0000     B
 CHAS  4273685.471   340807.787  4706868.342   47.514565688    4.333398380   299.400  0.0000     B
 CHBL  4194303.660    40758.173  4789137.763   48.583933275    0.332431650   283.967  0.0000     B
 CHBR  4298046.334  -104125.907  4695682.229   47.425324700   -1.231606287   113.192  0.0720     B
 CHBS  4335570.781   125377.510  4660837.714   47.150205618    1.392317390   162.366  0.0720     B
 CHE2  4215066.554   212263.810  4766322.209   48.400186526    2.525838880   167.795  0.0000     B
 CHIZ  4427603.472   -31506.297  4575621.575   46.080045589   -0.242773093   113.202  1.0640     A
 CHLD  4118198.932   343198.104  4842305.187   49.424366852    4.454984922   208.310  0.0000     B
 CHLN  4119217.139   201579.004  4849271.588   49.483508603    2.480577848   146.265  0.0720     B
 CHPH  4236233.463   110997.835  4751117.137   48.273674389    1.300331637   204.090  0.0000     A
 CHPO  4135792.507   308402.399  4829620.180   49.321275641    4.155257046   132.344  0.0000     N
 CHRM  4219643.141   464453.713  4744696.153   48.221862500    6.165242410   339.265  0.0000     B
 CHRX  4428108.058    31869.481  4575283.559   46.074102769    0.244448022   220.997  0.0000     B
 CHTD  4269736.463    99158.579  4721480.763   48.033596004    1.194934694   193.293  0.0000     B
 CHTG  4135853.968  -118088.137  4837806.026   49.390445565   -1.380773470    54.929  2.0809     B
 CHTL  4466578.333   497735.593  4511789.410   45.181488287    6.213079123   850.290  0.0000     B
 CLFD  4451154.354   241928.563  4547090.611   45.453945581    3.063985802   473.600  0.0000     B
 CLMT  4449830.377   244539.408  4548125.760   45.463021460    3.084384486   392.510  0.0000     B
 CNNE  4594487.354   561355.471  4373591.286   43.340915865    6.575718795    79.698  0.0000     B
 COAU  4130433.848   253914.199  4837313.649   49.383707813    3.310398157   127.491  0.0000     B
 COCR  4388683.683    76360.793  4612265.472   46.363867531    0.594853728   164.793  0.0000     B
 CONN  4205286.579   288000.890  4770938.621   48.434868453    3.550411232   157.028  0.0000     B
 CORT  4664928.473   751615.791  4270552.093   42.175592348    9.091031606   499.359  0.0000     A
 CORZ  4658309.024   -19495.992  4342517.569   43.105647114   -0.142325607   324.036  0.0000     B
 COUD  4016631.673   166528.780  4935194.783   51.012260235    2.222680453    56.795  0.0720     B
 COUT  4514412.363    -9266.371  4490630.764   45.022777245   -0.070338258    81.784  0.0720     B
 COVI  4280577.421   -68188.035  4712187.286   47.560842561   -0.544544515   134.480  0.0000     B
 CRAL  4662596.749    29881.890  4338374.541   43.074229747    0.220190241   658.283  0.0000     B
 CREI  4166409.705   182770.997  4809802.953   49.154658470    2.304257438   145.593  0.0000     A
 CSTN  4630329.278   121261.138  4370351.738   43.314023274    1.300052078   212.919  0.0000     B
 CT10  4206878.132   133251.937  4776327.018   48.481335264    1.485120859   156.334  0.0000     A
 CT11  4210330.671   111617.650  4773952.246   48.461398257    1.310688693   229.144  0.0000     B
 CT13  4226590.500   123170.351  4759390.222   48.341975771    1.400922194   239.706  0.0000     B
 CT14  4239050.003   113188.992  4748590.432   48.253287210    1.314627129   219.541  0.0000     B
 CT15  4237438.966    91196.596  4750545.102   48.270670690    1.135846977   261.944  0.0000     B
 CT16  4245141.301    55959.535  4744180.915   48.215828005    0.451882921   208.495  0.0000     B
 CT17  4258425.668    86039.827  4731957.560   48.120183535    1.092693287   257.403  0.0000     B
 CT18  4266993.713   140203.916  4722916.425   48.044534585    1.525496497   198.061  0.0000     B
 CT19  4269211.080   117669.340  4721535.318   48.033847287    1.344369656   196.898  0.0000     B
 CT1A  4258091.416   143864.299  4730812.981   48.110754174    1.560623336   221.688  0.0000     B
 CT1B  4253935.392    71313.704  4736322.415   48.153093927    0.573753479   340.820  0.0000     B
 CT1C  4230394.702    82987.210  4756963.544   48.321923835    1.072575620   289.724  0.0000     B
 CT20  4183572.165    98659.949  4797523.150   49.053600062    1.210338067   213.163  0.0000     B
 CT21  4158759.685   116063.346  4818522.286   49.225694969    1.355497817   215.704  0.0000     B
 CT22  4166280.020    98254.252  4812479.396   49.175616395    1.210348451   231.272  0.0000     B
 CT23  4179865.598   134122.875  4799902.387   49.073293615    1.501632275   232.250  0.0000     B
 CT24  4199270.728   127327.220  4783219.028   48.534997820    1.441229520   221.718  0.0000     B
 CT25  4187809.055    65472.844  4794418.355   49.030247269    0.534451267   216.278  0.0000     B
 CT26  4178659.269   112091.112  4801500.532   49.085217964    1.321165666   227.570  0.0000     B
 CT27  4192443.703   110572.533  4789615.683   48.590414238    1.303881747   250.699  0.0000     B
 CT29  4155955.463    94010.051  4821438.284   49.252095579    1.174503040   243.121  0.0000     B
 CT30  4197105.335    46158.998  4786630.733   48.563628354    0.374837122   269.172  0.0000     B
 CT31  4205132.616    67547.602  4779333.353   48.503814480    0.551297397   238.051  0.0000     B
 CT32  4160364.975    52466.281  4818224.864   49.224289728    0.432106354   196.232  0.0000     B
 CT33  4173179.744    37460.932  4807399.493   49.134392381    0.305150528   238.470  0.0000     A
 CT34  4178794.157    57658.986  4802327.006   49.093343984    0.472586042   218.046  0.0000     B
 CT35  4172245.750    64276.589  4807914.996   49.140970135    0.525741338   232.501  0.0000     A
 CT36  4181179.789   155940.358  4798048.770   49.060300960    2.080924280   185.747  0.0000     B
 CT37  4187884.081    33140.380  4794720.122   49.031634669    0.271222077   243.911  0.0000     B
 CT38  4185633.069    89318.823  4795907.430   49.041647841    1.132089557   204.356  0.0000     B
 CT39  4189477.640    47269.325  4793206.125   49.020195352    0.384715992   233.896  0.0000     B
 CT3C  4139927.011    46761.437  4835765.514   49.371628796    0.384970981   217.460  0.0000     B
 CT3D  4144601.740    92293.201  4831167.961   49.332580080    1.163240591   242.149  0.0000     B
 CT3E  4137893.857    72741.657  4837191.091   49.382705746    1.002563637   229.752  0.0000     B
 CT3F  4138210.199    15730.050  4837381.622   49.383827957    0.130404429   185.148  0.0000     B
 CT3G  4128148.432    50793.627  4845672.685   49.453324418    0.421779852   183.759  0.0000     B
 CT3H  4156912.256   136652.709  4819685.354   49.235145987    1.525822765   303.807  0.0000     B
 CT3I  4163714.651    25559.271  4815571.328   49.203088180    0.210615590   199.958  0.0000     B
 CT3K  4133015.044    99201.870  4840968.275   49.413296045    1.222987950   307.988  0.0000     B
 CT3L  4127897.337   115544.781  4844941.801   49.445194191    1.361209132   306.364  0.0000     B
 CT3M  4119401.633   137138.586  4851496.334   49.502244091    1.542420587   257.367  0.0000     B
 CT3N  4135211.535   131955.425  4838278.998   49.391987020    1.493971843   270.959  0.0000     B
 CT3O  4168604.635   123286.994  4809802.496   49.154631270    1.413852929   152.227  0.0000     B
 CT40  4217502.327    57293.528  4768686.904   48.415358613    0.464187435   282.481  0.0000     B
 CT41  4225692.726    94641.509  4760867.916   48.353103208    1.165887571   267.926  0.0000     B
 CT42  4199288.035    92753.869  4784010.368   48.542848776    1.155523608   234.109  0.0000     A
 CT43  4216952.539    75641.122  4768880.626   48.420406227    1.013945553   256.032  0.0000     B
 CT44  4206775.859    77817.519  4777737.603   48.491978007    1.033507967   235.095  0.0000     B
 CT50  4175790.409   203595.963  4800965.276   49.082644128    2.472874501   207.598  0.0000     B
 CT51  4223183.902   222183.263  4758783.268   48.335123146    3.004167221   207.897  0.0000     B
 CT52  4183990.147   185132.045  4794555.404   49.031117090    2.320079909   164.566  0.0000     B
 CT53  4217168.329   207943.782  4764693.116   48.384123603    2.492245252   189.374  0.0000     B
 CT54  4213337.127   192345.208  4768687.774   48.415764659    2.364976695   173.439  0.0000     B
 CT55  4190293.843   201223.830  4788453.889   48.580963921    2.445752398   175.611  0.0000     A
 CT56  4198360.080   237542.230  4779877.283   48.510436441    3.141798491   252.545  0.0000     B
 CT57  4231643.313   189486.471  4752648.572   48.285332838    2.335005459   154.660  0.0000     B
 CT58  4174071.135   222004.273  4801618.471   49.085936845    3.024017807   191.443  0.0000     B
 CT59  4164829.837   198999.125  4810532.667   49.162248709    2.440801871   153.460  0.0000     B
 CT5B  4195019.959   218423.406  4783652.985   48.541136487    2.584996435   221.246  0.0000     B
 CT5E  4201272.668   202439.436  4778874.976   48.501687452    2.453124288   203.622  0.0000     B
 CT5F  4184236.309   220061.715  4792912.382   49.014900105    3.003810810   192.314  0.0000     B
 CT5G  4170975.196   189087.443  4805637.261   49.121982245    2.354443315   152.491  0.0000     B
 CT5H  4208047.385   228666.955  4771795.155   48.442841516    3.063749799   219.653  0.0000     B
 CT5I  4227041.865   203644.849  4756117.494   48.314325042    2.452947651   143.031  0.0000     B
 CT60  4249578.819    92522.126  4739709.752   48.181929832    1.145010235   242.496  0.0000     A
 CT70  4245933.699   141029.048  4741736.359   48.195879718    1.540858523   219.520  0.0000     B
 CT71  4226010.373   164189.937  4758552.293   48.334205266    2.132981954   150.096  0.0000     B
 CT72  4234116.784   136766.360  4752362.299   48.283648592    1.510025130   232.932  0.0000     B
 CT73  4243665.381   172255.039  4742701.116   48.204653209    2.192792130   198.968  0.0000     B
 CT74  4236103.955   148310.438  4750234.478   48.265327259    2.001859850   214.673  0.0000     B
 CT80  4269586.144   105713.751  4721498.448   48.033617538    1.250601530   211.092  0.0000     B
 CT81  4245569.024    72545.189  4743689.952   48.213129952    0.584415971   292.483  0.0000     B
 CT83  4258684.445   103349.837  4731329.362   48.113274834    1.232465601   218.085  0.0000     B
 CT91  4213184.264   252737.938  4766078.033   48.394813224    3.255847814   215.746  0.0000     B
 CTA1  4112943.284    94627.793  4857868.755   49.554472680    1.190476286   200.192  0.0000     B
 CTB1  4283372.422   204721.152  4705809.588   47.505843430    2.441080345   191.401  0.0000     B
 CTB2  4271503.172   189833.797  4717121.814   48.000528018    2.324077584   183.487  0.0000     B
 CTB4  4295706.290   197740.721  4694991.461   47.421550006    2.380812062   239.869  0.0000     B
 CTB5  4269796.661   237701.565  4716569.150   47.593673884    3.111101710   233.607  0.0000     B
 CTB6  4261775.017   233137.846  4724020.088   48.053690629    3.075235702   251.547  0.0000     B
 CTB7  4272085.419   220436.245  4715361.493   47.583783636    2.571367103   247.151  0.0000     B
 CTB9  4260952.252   212706.904  4725626.894   48.065716653    2.512820681   186.200  0.0000     B
 CTBA  4293433.003   225378.411  4695866.830   47.425638284    3.001768467   274.635  0.0000     B
 CTBB  4286477.725   224494.307  4702179.867   47.480138381    2.595277915   247.770  0.0000     B
 CTBC  4281132.971   216680.223  4707347.139   47.521142356    2.535074343   225.087  0.0000     B
 CTBD  4282395.533   233253.578  4705454.730   47.503916977    3.070374363   251.377  0.0000     B
 CTX1  4182784.069   171168.839  4796159.077   49.042917756    2.203610820   197.266  0.0000     B
 CTX2  4242856.832   222377.713  4741318.740   48.194000731    3.000092157   177.017  0.0000     B
 CTX3  4136503.504    87779.933  4838110.761   49.391342384    1.125644831   219.400  0.0000     B
 CTX4  4177357.186    76344.694  4803295.150   49.102178103    1.024924212   206.991  0.0000     B
 CTX5  4218953.669   146061.331  4765461.744   48.391737572    1.585809315   230.776  0.0000     N
 CTX6  4148938.977    27710.786  4828172.461   49.305909636    0.225762328   171.058  0.0000     B
 CTXA  4189881.249   138170.156  4790984.312   49.001578251    1.531955218   140.070  0.0000     B
 CTY1  4218365.715   164910.250  4765338.151   48.391214000    2.141948809   208.465  0.0000     B
 CTZ1  4251507.346   119942.608  4737392.146   48.162622517    1.365755513   250.966  0.0000     B
 CTZ2  4137490.954    26306.563  4837965.274   49.390692658    0.215143368   199.030  0.0000     B
 CTZ3  4123014.810    75594.237  4849689.465   49.485466059    1.030137953   182.408  0.0000     B
 CUBX  4527704.756   -44759.680  4477073.186   44.520789819   -0.335901237    59.027  0.0000     A
 CULA  4390769.927   179993.037  4607657.689   46.325592483    2.205078517   330.130  0.0000     B
 DBMH  4199728.284   468410.346  4761746.697   48.361371872    6.215074541   276.890  0.0000     N
 DGLG  4019247.319   164573.885  4933144.218   50.593714418    2.204109495    56.771  0.0050     B
 DHUI  4239689.431   161137.448  4746627.619   48.235767652    2.103571415   204.842  0.0000     B
 DIJO  4315677.944   382514.729  4665484.130   47.183799105    5.035437393   328.731  0.0000     B
 DIPL  4224046.583  -153115.624  4760605.210   48.352374717   -2.043353093   116.111  0.0720     B
 DIPP  4113192.929    77861.362  4857765.065   49.554509022    1.050405730    55.248  0.0000     B
 DJON  4312158.210   380677.951  4668868.235   47.211958010    5.024200345   331.220  0.0720     B
 DOCO  4158440.429   432266.407  4800999.519   49.082481188    5.560432447   296.417  0.0000     B
 DOJX  4228630.677   381897.726  4743993.325   48.214624646    5.093786714   287.932  0.0000     B
 DOLB  4227892.546  -128004.433  4757893.850   48.331262902   -1.440300319    74.218  0.0000     B
 DOMP  4223004.510   -40990.701  4763997.344   48.380420561   -0.332205173   269.456  0.0000     B
 DOUL  4090657.658   168022.056  4874445.322   50.094357106    2.210748108   111.801  0.0000     B
 DRUS  4171554.942   582609.797  4773688.763   48.460269079    7.570231834   184.496  0.0000     B
 DUNQ  4014478.634   165918.785  4936947.666   51.025303215    2.220009506    51.103  2.1841     B
 EGLT  4483373.866   160636.302  4519408.743   45.241206075    2.030717075   667.022  0.0000     B
 ENTZ  4192710.726   562398.964  4757685.775   48.325768595    7.382363563   204.260  0.0000     A
 EOST  4188985.678   571026.017  4759935.842   48.344742310    7.454496313   213.297  0.0000     B
 EPR2  4174225.041   -26693.130  4806407.952   49.125936897   -0.215899411   116.259  0.0720     B
 EQHE  4048144.378   110780.585  4911158.544   50.404925642    1.340318668    89.582  0.0000     B
 ERCK  4168605.511   538759.398  4781505.933   48.522288711    7.215114203   296.126  0.0000     B
 ESAB  4477793.392   375845.710  4511564.618   45.182556583    4.475244776   207.741  0.0000     B
 ETOI  4189647.321   570355.264  4759464.501   48.342361162    7.450818279   233.715  0.0000     B
 EZEV  4573471.038   601888.160  4390081.595   43.462794760    7.295021479    76.748  0.0000     B
 FAJP  4653568.657   164607.616  4344574.310   43.122654849    2.013302833   367.971  0.0000     B
 FAYE  4593385.988   538747.132  4377901.098   43.371477572    6.412227413   312.990  0.0000     B
 FDET  4324336.334    47005.465  4672617.262   47.242511240    0.372200676   153.411  0.0000     B
 FETA  4167832.360   255595.637  4805310.216   49.120302401    3.303353166   168.387  0.0000     B
 FEUR  4447612.979   328894.346  4545009.955   45.440527228    4.134526261   401.856  0.0000     B
 FFT2  2986964.849 -5402704.421  1597459.475   14.365284010  -61.034802698   -29.970  0.0000     N
 FIED  4354791.506   435806.015  4624932.581   46.462174932    5.425346383   599.672  0.0000     B
 FJCP  4662985.381   227641.632  4331633.360   43.025337329    2.474162461   322.689  0.0000     B
 FLGY  4330024.778   464746.129  4645286.227   47.022391376    6.073419017   671.803  0.0000     B
 FLRC  4561739.131   286560.940  4434443.699   44.193097087    3.354021201   607.917  0.0000     B
 FOUC  4119899.286   113693.386  4851652.657   49.503104656    1.345067162   237.538  0.0720     B
 FOUG  4259069.668   475130.198  4708511.335   47.530367259    6.215559105   335.341  0.0000     N
 FRAN  4152301.162    12606.949  4825243.957   49.283658962    0.102624598    80.360  0.0000     B
 FRGN  4356794.872   369838.419  4628309.682   46.491291128    4.510747469   268.354  0.0000     N
 FRTT  4282028.872   417314.350  4693296.381   47.404921312    5.335869918   373.469  0.0000     B
 GARD  4530322.642    24585.148  4474627.765   44.501545743    0.183934655    80.602  0.0000     B
 GDIJ  4313999.303   380820.705  4667145.163   47.195780577    5.024106512   315.197  0.0000     B
 GIE1  4302664.564   209046.159  4688133.554   47.364681981    2.465355905   212.206  0.0000     B
 GINA  4597159.247   465906.746  4382366.581   43.403259274    5.471311733   381.970  0.0000     B
 GLRA  4516665.279   357378.650  4475273.030   44.502131260    4.312665712   813.949  0.0000     A
 GORN  4241215.892   -59777.033  4747642.520   48.244644364   -0.482696868   224.752  0.0720     A
 GRAC  4581708.596   556132.376  4389341.035   43.451615287    6.551474652  1319.861  0.0500     B
 GRAS  4581691.159   556114.576  4389360.566   43.451704572    6.551405071  1319.316  0.0350     A
 GRON  4344299.844   205495.862  4650009.066   47.062408254    2.422955562   222.837  0.0000     B
 GUIP  4226392.958  -326080.504  4749929.154   48.264056289   -4.244256253   154.664  0.0000     B
 HEAU  4141610.765  -128560.920  4832821.741   49.345037107   -1.464066935   188.622  0.0000     B
 HERB  4318112.847  -175075.752  4675185.550   47.263126744   -2.191832670    61.506  0.0000     N
 HRSN  4103970.431   292251.365  4857632.049   49.553158616    4.042374655   232.430  0.0720     B
 ILBO  4347491.510    31706.421  4651268.193   47.072861031    0.250427041    90.474  0.0720     B
 ILDX  4436671.275   -91138.374  4566017.864   46.003393898   -1.103650849    59.027  0.1350     B
 IRYL  3858718.868 -5044576.807   583534.797    5.170482614  -52.351230448   -28.016  0.0000     N
 ISLA  4180664.162   161075.892  4798188.822   49.061382448    2.122320253    81.646  0.0000     B
 IXSG  4198247.821   151301.348  4783326.862   48.535781801    2.035039568   153.534  0.0000     B
 JANU  4495454.040   528892.392  4482123.073   44.543729570    6.423611155  2583.877  0.0000     B
 JARG  4284262.616   158640.647  4706727.003   47.514388716    2.071422839   158.252  0.0720     B
 JEBS  4229779.211   555121.328  4725872.566   48.070746671    7.283660608   230.891  8.2400     B
 JOIN  4376405.298  -179487.153  4620866.741   46.432802876   -2.205468919    64.270  0.0000     B
 JONZ  4482698.186   -34939.807  4521968.034   45.262906116   -0.264767160    92.163  0.0000     N
 JOUX  4373976.930   443957.304  4606479.671   46.314285710    5.474436023   845.518  0.0000     B
 KONE  4276913.530  -291752.033  4706934.847   47.515670294   -3.540870411    80.423  0.0720     B
 KOUG  3855263.392 -5049731.972   563040.204    5.055448792  -52.382309870   107.238  0.0000     N
 LACA  4615743.804   219899.767  4383434.607   43.405155379    2.433928711  1315.556  0.0000     B
 LACO  4652176.128    91738.021  4348081.173   43.150476439    1.074688666   293.702  0.0000     N
 LANN  4207154.780  -252354.544  4771255.072   48.440567533   -3.255741802   117.470  0.0720     B
 LAVL  4269443.182   -53906.940  4722385.182   48.042212303   -0.432420698   128.188  0.0000     B
 LBRD  4542413.860   -41847.180  4462296.093   44.405311627   -0.314016951    72.560  0.0720     B
 LBUG  4521485.049    72694.344  4483242.678   44.564337675    0.551594440   266.485  0.0000     B
 LCAU  4518556.278   -84830.486  4485690.215   44.584166640   -1.043192001    73.596  0.0720     B
 LENE  4179491.129    66169.220  4801576.649   49.085740304    0.542528775   188.657  0.0720     B
 LETO  4062328.801   114824.164  4899382.738   50.304998192    1.370864674    62.123  0.0720     B
 LGAR  4572456.098    30235.469  4431898.752   44.175067219    0.224391080   136.121  0.0720     B
 LGBO  4487010.663    46044.834  4517852.776   45.231369850    0.351657518   258.781  0.0000     N
 LGES  4452103.652    95645.970  4551408.542   45.490360012    1.135057142   365.769  0.0000     B
 LIL2  4049340.931   221852.838  4906448.715   50.364862639    3.080942462    96.196  0.0000     B
 LIZY  4184700.991   221622.861  4792323.840   49.012315700    3.015364232   106.178  0.0000     B
 LMCU  4047063.964   217534.907  4908525.698   50.383399676    3.043634027   111.094  0.4090     A
 LMDM  4424160.380   283110.427  4571012.212   46.040874071    3.394130407   601.272  0.0000     B
 LMMF  2993387.952 -5399363.731  1596748.042   14.354133871  -60.594621428   -26.969  0.0000     N
 LONS  4363381.789   424528.376  4617550.214   46.404244113    5.332524553   325.634  0.0000     B
 LPAS  4323277.032  -239757.251  4667640.000   47.202902658   -3.102718305    99.527  0.0000     B
 LPPZ  4224156.478  -351772.304  4750009.355   48.264652652   -4.453743601    98.548  0.0720     B
 LROC  4424632.791   -94175.481  4577543.854   46.093218167   -1.130955179    57.854  0.0000     A
 LRTZ  4193915.291   454975.678  4768105.923   48.412583753    6.112940929   262.285  0.0000     B
 LSIE  4179950.922    19021.270  4801619.567   49.085881824    0.153862142   207.590  0.0000     B
 LUCE  4287689.893   546846.247  4675410.395   47.261805016    7.160547813   741.612  0.0000     B
 LUCI  4653100.631   781238.631  4277435.852   42.231061191    9.315109669    63.720  0.0000     B
 LUMI  4646271.929   721554.443  4295176.639   42.361056233    8.493856137    57.007  0.0000     B
 LURI  4616572.759   770557.359  4318464.463   42.531829562    9.283341863    54.179  0.0000     A
 MACH  4357345.572  -137152.000  4640159.149   46.584153577   -1.481025725    64.563  0.0720     B
 MAGR  4253187.293   246908.333  4730863.966   48.111281511    3.192077201   144.389  0.0000     B
 MAIG  3383479.751  4901531.060 -2280412.428  -21.044701468   55.225899652  2165.353  0.0000     N
 MAKS  4250693.522   524293.318  4712061.638   47.552280499    7.015346918  1237.199  0.0000     B
 MAN2  4274276.150    11584.088  4718385.790   48.010700922    0.091901484   167.933  0.0000     B
 MARG  4403346.206   502531.300  4572138.371   46.050390705    6.303853632   524.194  0.0000     A
 MARS  4630533.002   433946.051  4350142.489   43.164356093    5.211362171    61.803  0.0700     B
 MATC  4413682.751   123658.820  4587799.622   46.172096273    1.361744103   392.283  0.0000     B
 MAUL  4723952.661   749473.752  4205541.586   41.305346056    9.005422782   202.480  0.0000     A
 MAUP  4232269.231    39698.809  4755887.631   48.312592937    0.321471317   309.179  0.0000     B
 MAYG  4379104.710  4418744.327 -1401898.078  -12.465539597   45.152934108   -16.353  3.0356     N
 MAZE  4472267.278   -46239.892  4532122.428   45.341819985   -0.353254753    97.432  0.0000     B
 MELN  4226433.003   197279.053  4756902.436   48.322214649    2.402092890   128.814  0.0000     A
 MERY  4223388.743   286950.879  4755068.967   48.305211826    3.531280208   139.837  0.0000     B
 MGIS  4273017.132   202542.353  4715185.957   47.583292748    2.424970410   147.489  0.0000     B
 MICH  4578887.139   458434.149  4402461.315   43.552695312    5.430246192   628.136  0.0000     B
 MIMZ  4578961.301   -98179.905  4424150.586   44.120226944   -1.134195406    71.660  0.0000     A
 MIRE  4227289.149   453358.567  4739013.967   48.174149304    6.071678391   351.055  0.0000     B
 MLVL  4201577.209   189859.856  4779064.567   48.502779751    2.351430796   160.461  0.0750     A
 MNBL  4287062.946   511666.439  4679489.336   47.294500205    6.482206503   413.072  0.0000     B
 MNTP  4612232.571   311932.927  4379804.535   43.384644092    3.520881928   104.039  0.0000     B
 MODA  4470757.844   525990.897  4504955.275   45.124958812    6.423629470  1182.258  0.0000     B
 MOFA  4137103.142    43194.579  4838160.299   49.391708042    0.355348698   188.433  0.0000     B
 MOGN  4411067.830   370633.596  4576848.777   46.085377894    4.481048837   233.020  0.0000     A
 MOMO  4140686.313   106260.320  4834180.068   49.355722128    1.281210695   214.144  0.0000     B
 MONB  4294969.010   325810.506  4688650.817   47.370841232    4.201705713   303.878  0.0000     B
 MONS  4387248.635   251859.001  4607620.542   46.325476183    3.170807200   312.983  0.0000     B
 MORN  4462840.544    21228.838  4541714.584   45.413808417    0.162115294   231.086  0.0720     B
 MPRV  4424476.940    40583.650  4578685.938   46.102050310    0.313191718   208.614  0.0000     B
 MRON  4352245.946   484521.622  4623551.642   46.445004518    6.210863610  1367.407  0.0000     B
 MSGT  4679573.605   133117.941  4318083.849   42.524658258    1.374594975   548.633  0.0000     A
 MSMM  4583675.915   497926.721  4393485.940   43.483834809    6.115911798   797.775  0.0000     B
 MSRT  4473661.469   118817.115  4530098.897   45.322911679    1.311695199   566.214  0.0000     B
 MTBT  4221766.748   337006.588  4753353.688   48.292511930    4.335044622   227.088  0.0000     N
 MTDM  4604447.896   -38966.409  4398804.142   43.525791632   -0.290553109   133.900  0.0000     A
 MTMN  4403471.116    67565.250  4598401.391   46.254567620    0.524460341   179.619  0.0720     B
 MTP2  4612850.038   311569.799  4379220.994   43.381952972    3.515079692   129.403  0.0000     B
 MZAN  4579136.199   -97852.000  4423987.198   44.115468350   -1.132702168    78.080  0.0000     B
 NARB  4650690.091   241500.760  4343635.011   43.115377778    2.582129485    72.764  0.0720     B
 NAYC  4382180.752    30386.731  4618895.780   46.415236378    0.235024971   139.282  0.0000     B
 NGER  4319039.732   -41298.146  4677470.016   47.281909509   -0.325221952   106.068  0.0000     B
 NICA  4581809.283   581031.772  4384492.682   43.421174075    7.133812767   256.500  0.0000     B
 NMCU  4338224.357  -121072.675  4658434.162   47.130906237   -1.355501615   115.834  0.0000     B
 NOGT  4254499.307   398270.767  4719841.531   48.020721515    5.205268490   453.160  0.0000     B
 NOYL  4265603.768  -112247.370  4724792.414   48.061930982   -1.302650969   114.005  0.0000     B
 NVPT  4383710.408    20281.887  4617560.864   46.404804297    0.155430794   177.141  0.0000     B
 OISO  4261945.928   146571.017  4727242.963   48.081530457    1.581078261   193.029  0.0720     B
 OPME  4455229.114   240489.378  4543528.319   45.424636763    3.052319915   707.994  0.0000     B
 OPMT  4202777.622   171367.761  4778659.984   48.500930145    2.200576672   122.583  0.0000     A
 OSAN  4669514.466   708901.047  4272464.476   42.192695868    8.375673522   254.354  0.0000     B
 OTER  4363993.099    79076.964  4635418.833   46.545355767    1.021717589   154.735  0.0720     B
 PALI  4627054.798   389395.149  4357997.350   43.223348997    4.483764761    60.382  0.0000     B
 PAMO  4389716.061   316017.635  4601385.755   46.280063570    4.070352328   335.485  0.0000     B
 PANA  4201030.695   175603.793  4780030.255   48.511677660    2.233688746   120.644  0.0000     B
 PARD  4633957.822   228541.065  4362855.719   43.255292538    2.492448915   622.798  0.0000     A
 PAYR  4626375.768   189029.269  4372370.052   43.330515400    2.202309655   384.772  0.0000     B
 PDOM  4451595.386   230537.210  4548701.002   45.461962458    2.575241442  1513.554  0.0000     B
 PERP  4689566.302   236092.078  4302248.506   42.412097228    2.525545997    95.948  0.0000     B
 PERX  4334045.865   490447.960  4639564.729   46.573623461    6.272240014  1134.051  0.0000     B
 PEYR  4624016.252    17406.684  4378738.461   43.375281752    0.125646123   294.823  0.0000     B
 PIAA  4676351.570   709675.955  4265332.094   42.140603312    8.374539324   543.380  0.0000     B
 PIAN  4724841.214   753083.418  4203834.727   41.294100283    9.032192021   153.099  0.0000     A
 PIMI  4678892.692    11648.770  4324325.444   42.561114222    0.083352456  2923.426  0.0000     B
 PLEM  4257323.752  -193174.100  4729721.650   48.101543892   -2.355275525   197.289  0.0720     B
 PLGN  4219521.480  -274667.415  4759261.330   48.341537366   -3.432777720   187.313  0.0000     N
 PLMG  4202753.680  -231708.686  4776174.661   48.480649386   -3.092041147   139.317  0.0000     N
 PLST  4237320.833  -180312.763  4747978.916   48.250533275   -2.261199385   156.744  0.0000     N
 PNDB  4240459.234  -303382.664  4739136.461   48.174973677   -4.053206542   288.215  0.0000     B
 PNTV  4265721.154  -218493.744  4721044.353   48.031626999   -2.555582805   153.076  0.0000     N
 POBU  4396290.539   319778.157  4595006.307   46.225802012    4.093694948   420.861  0.0000     A
 PPTG  2919953.953 -5384974.993  1770569.888   16.132771007  -61.315389549   -39.134  3.0710     N
 PQRL  4645913.985   505207.430  4326219.751   42.585981173    6.122192438   112.291  0.0000     B
 PRIE  4630632.093   435498.102  4350065.344   43.163632700    5.222174156   186.360  0.0000     B
 PRNY  4339328.359   482005.683  4635194.179   46.541768154    6.201802689   883.555  0.0000     A
 PRRS  4175265.603  -103281.647  4804442.440   49.112309378   -1.250123843    86.933  0.0000     B
 PTRC  4335358.270    23126.136  4662552.754   47.162643597    0.182026956    89.624  0.0000     B
 PUYA  4501028.727   511152.356  4477342.052   44.512759961    6.284421762  1690.280  0.0000     B
 PUYO  4631305.284   -73849.038  4370204.380   43.313727959   -0.544874167    94.906  0.0000     N
 PUYV  4504322.348   305404.962  4491277.151   45.023701428    3.524392696   710.346  0.0000     B
 PXTN  4124828.953   334392.307  4837345.383   49.383453700    4.380502125   235.850  0.0000     N
 PZNA  4629717.387   276137.981  4363803.522   43.265187044    3.244803927    80.117  0.0000     B
 RAYL  4630120.224   527033.709  4340756.092   43.093783815    6.293792935   336.268  0.0000     B
 RENN  4264988.984  -124149.170  4725020.075   48.063109667   -1.400244821    93.264  0.0000     A
 REUN  3364099.232  4907944.363 -2293466.999  -21.122961699   55.341818633  1558.397  0.0610     N
 RGNC  4339482.689    68797.942  4658369.594   47.130492073    0.542983801   146.224  0.0000     B
 RIXH  4262372.031   551921.732  4697252.884   47.435981202    7.224081986   366.781  0.0000     B
 ROMY  4168975.226   274617.374  4803422.475   49.102556718    3.460740724   274.197  0.0000     B
 ROSD  4434268.255   515276.120  4542573.435   45.412935036    6.374161011  1694.505  0.0000     B
 ROSI  4437552.686   533527.006  4537551.276   45.373053039    6.512075260  1880.035  0.0720     B
 ROTG  4205958.055  -291581.358  4770000.277   48.430635980   -3.575662808    56.102  3.0895     B
 ROYA  4466459.128   -79863.252  4537304.454   45.381905690   -1.012775858    69.048  0.0720     B
 RST2  4579745.881   439663.947  4404112.229   43.562743258    5.290129790  1069.836  0.0000     B
 RYON  4381294.291  -109287.788  4618528.700   46.413546693   -1.254403948   126.625  0.0000     B
 SARI  4693639.002   777237.545  4233934.818   41.512996998    9.240901001    57.245  0.0000     B
 SARL  4160873.091   513198.290  4790951.790   49.000914329    7.015267296   275.252  0.0000     B
 SARZ  4309876.687  -208511.970  4681398.179   47.312814203   -2.461132296    83.804  0.0720     B
 SAUN  4309740.980    70090.733  4685727.574   47.345281733    0.555425658   169.331  0.0000     B
 SBLS  4288527.003   -24713.983  4705378.409   47.504099268   -0.194865253    97.452  0.0720     B
 SCDA  4527128.471   258455.016  4471958.625   44.474027357    3.160294625  1115.360  0.0000     B
 SCOA  4639940.872  -136225.480  4359552.014   43.234283476   -1.405405410    59.458  0.0000     B
 SCOP  4705924.305   753839.598  4225888.721   41.451489308    9.060310460   928.011  0.0000     B
 SEES  4226614.790    12629.117  4760950.314   48.353567990    0.101631702   251.176  0.0720     B
 SEUR  4340716.542   391333.297  4641509.416   46.593936285    5.090547745   245.160  0.0720     B
 SGIL  4606571.414   357184.394  4382269.159   43.403723788    4.260142688    90.749  0.0720     A
 SIRT  4213551.159   162494.270  4769661.553   48.424379310    2.123059722   217.425  0.0000     B
 SJDV  4433470.109   362672.568  4556211.484   45.524469353    4.403565892   432.415  0.0000     A
 SJPL  4460967.746   209565.067  4539903.738   45.394767916    2.412268417  1029.096  0.0720     B
 SLEU  3387826.301  4890457.740 -2291647.315  -21.114546744   55.171687838    27.679  0.0000     N
 SLVT  4594761.495   262378.143  4402240.322   43.551128226    3.160571773   811.830  0.0000     A
 SMLE  4405415.772   -17059.531  4596999.996   46.244015292   -0.131873579   170.463  0.0720     B
 SMNE  4201792.295   177945.238  4779286.685   48.503999031    2.253006521   126.237  0.1390     B
 SMSP  4169525.659   334108.189  4799103.427   49.065463094    4.345296159   199.877  0.0000     B
 SMTG  4219871.171  -149386.852  4764321.785   48.382788423   -2.013889293    57.732  4.8121     B
 SOUS  4525022.243   160159.402  4477907.265   44.522865198    2.013752511   597.681  0.0000     B
 STBR  4228886.495  -203375.706  4754509.199   48.302439088   -2.451205481   150.036  0.0000     B
 STBX  4563292.647   334861.465  4428934.788   44.153392427    4.114894919   219.302  0.0720     B
 STFE  4466955.221   290982.129  4528973.633   45.313622980    3.433734816   592.237  0.0000     B
 STGN  4480245.890   213455.713  4520888.524   45.250698908    2.433980318  1073.066  0.0000     B
 STJ9  4186324.324   564809.057  4763029.156   48.371797238    7.410173074   237.156  0.0000     B
 STLO  4181969.787   -77013.598  4799216.149   49.070219748   -1.031806653   146.605  0.0720     B
 STMA  4370430.683   126331.044  4628419.084   46.492024508    1.392060122   205.864  0.0000     A
 STMR  4624017.159   357554.724  4363900.062   43.265691659    4.251786683    56.092  0.0000     B
 STMT  2745392.195 -5408074.159  1967135.907   18.045977098  -63.050784671   -37.944  0.0100     N
 STNA  4332469.276  -166663.615  4662299.051   47.161482518   -2.121078816    75.457  0.0000     N
 STPM  2436208.256 -3634804.894  4624885.452   46.464016564  -56.100567977     0.473  3.0434     N
 STPS  4406509.123   253613.297  4589213.359   46.183036728    3.173833279   299.692  0.0000     B
 STSV  4612550.030   -45658.890  4390241.798   43.463462136   -0.340171542    93.335  0.0000     B
 STV2  4526244.602   484214.361  4453762.786   44.340100294    6.062245374   814.654  0.0000     A
 STVA  4366862.186   -17732.667  4633376.006   46.531660761   -0.135758197   158.547  0.0000     B
 TANC  4152483.023    32940.040  4824974.281   49.282369969    0.271618452    66.000  0.0000     B
 TANZ  4218727.808   552604.525  4735968.958   48.151768839    7.274534796   232.337  0.0000     B
 TGRI  4203426.787   143030.782  4779110.217   48.502889540    1.565590382   191.447  0.0000     B
 THNV  4137834.639   447344.736  4817173.468   49.215003009    6.101318523   212.230  0.0000     B
 THOR  4415020.739   -19105.731  4587818.393   46.172963744   -0.145259270   162.192  0.0000     B
 TLIA  4627797.127   119611.550  4373054.784   43.334117617    1.285000062   209.224  0.0000     B
 TLMF  4627010.056   111069.213  4374122.859   43.342857490    1.223033956   221.032  0.0000     B
 TLSE  4627852.066   119639.756  4372993.324   43.333849057    1.285119369   207.197  1.0530     B
 TLSG  4628685.106   119996.725  4372110.023   43.325895081    1.290613134   208.761  0.4410     B
 TRBL  4227804.491    98926.739  4758909.087   48.335544876    1.202552632   260.728  0.0000     B
 TREM  4347949.863   -60259.855  4650665.832   47.065729706   -0.473851769   166.428  0.0720     B
 TRMO  4568797.439   217443.674  4431416.815   44.170753463    2.432939945   810.908  0.0000     B
 TRYS  4241042.103   297441.229  4738831.935   48.173927255    4.004252618   168.354  0.0000     B
 TUDA  4639516.978   764908.579  4295569.702   42.361592750    9.214331047   457.646  0.0000     B
 UNME  4647640.709   -26415.799  4353754.994   43.191777778   -0.193233481   278.734  0.0000     A
 VAUD  4338398.588   427436.877  4640534.947   46.585219106    5.373668221   271.509  0.0000     A
 VDOM  4291445.036    79187.127  4702187.538   47.480579165    1.032563280   134.684  0.0720     A
 VERN  4494475.401   253600.993  4504590.025   45.124053843    3.134617376   944.977  0.0000     B
 VFCH  4331862.637   130055.210  4664121.616   47.173909147    1.431081426   153.240  0.0000     B
 VILR  4491480.542   436581.781  4493805.749   45.042106448    5.330660410  1076.703  0.0000     B
 VIN1  4291474.667   272023.220  4695041.903   47.422061596    3.373701542   164.311  0.0000     B
 VISN  4553849.979   394343.419  4433760.104   44.191147474    4.565717971   245.746  0.0000     A
 VLGN  4148099.229  -108022.865  4827662.477   49.303670977   -1.293023812    90.951  0.0000     B
 VLPL  4206157.626   -90606.839  4778085.441   48.493601650   -1.140256107   258.501  0.0000     B
 VNTE  4151126.783   201562.700  4822156.393   49.260068816    2.464756314   137.436  0.0000     B
 VOUR  4449990.897   372170.187  4539271.526   45.394172343    4.465068161   324.863  0.0000     B
 WLBH  4206976.331   542754.655  4748254.372   48.245460433    7.210465933   819.073  0.0000     B
 YPOR  4130168.186    23140.415  4844107.449   49.441673477    0.191564380   134.175  0.0720     B
